0 0.0
1 1.1744983196258545
2 1.1455049514770508
3 1.3999178409576416
4 1.1407504081726074
5 1.2671688795089722
6 1.4478330612182617
7 0.9364074468612671
8 1.2073227167129517
9 1.1809641122817993
10 1.1375981569290161
11 1.3471804857254028
12 1.183733344078064
13 0.963172972202301
14 1.4978113174438477
15 1.2268604040145874
16 1.0958062410354614
17 1.0702866315841675
18 1.1506872177124023
19 0.9434714913368225
20 0.8103070259094238
21 0.9225713014602661
22 1.1815857887268066
23 1.1699057817459106
24 1.918187141418457
25 1.2166693210601807
26 0.9423427581787109
27 1.1692557334899902
28 1.1903209686279297
29 0.9322547316551208
30 1.370550513267517
31 1.3655445575714111
32 1.2562451362609863
33 1.005399227142334
34 0.8971260190010071
35 1.3093352317810059
36 1.286321759223938
37 1.2828558683395386
38 1.2401301860809326
39 1.257076382637024
40 1.3332769870758057
41 1.16603684425354
42 1.2893997430801392
43 0.8949271440505981
44 0.8943622708320618
45 0.8371812105178833
46 0.9299360513687134
47 1.5645636320114136
48 1.3403197526931763
49 1.229454517364502
50 1.1380876302719116
51 1.1953006982803345
52 1.0279614925384521
53 1.0067262649536133
54 1.3200913667678833
55 1.2552121877670288
56 0.9357007145881653
57 0.9930006265640259
58 1.0377006530761719
59 1.0848133563995361
60 0.8970896005630493
61 4.537726454145741e-6
62 1.230502963066101
63 1.3720922470092773
64 1.103034257888794
65 1.1078282594680786
66 1.114132046699524
67 0.9680839776992798
68 1.272762656211853
69 0.8803316950798035
70 1.0759810209274292
71 1.3404738903045654
72 0.9672302603721619
73 1.3078193664550781
74 1.391654133796692
75 1.2105027437210083
76 1.1329922676086426
77 1.1052085161209106
78 1.4545611143112183
79 1.7691216468811035
80 1.673211932182312
81 1.3646703958511353
82 1.1316795349121094
83 1.1517523527145386
84 1.499761700630188
85 1.0202244520187378
86 1.215438961982727
87 1.547226071357727
88 1.4026821851730347
89 1.3040441274642944
90 1.0252296924591064
91 1.2730563879013062
92 1.2738536596298218
93 0.9896257519721985
94 0.7508985996246338
95 1.3999240398406982
96 1.146615743637085
97 0.9564629793167114
98 0.8962560892105103
99 1.0172287225723267
100 0.8775673508644104
101 1.1473612785339355
102 1.0452077388763428
103 0.8698499798774719
104 0.9631332755088806
105 1.0770753622055054
106 0.7984285950660706
107 0.8314974308013916
108 0.7205634117126465
109 0.8552586436271667
110 0.8414459824562073
111 1.2249743938446045
112 0.9707618355751038
113 1.1807129383087158
114 0.5960401296615601
115 0.820392906665802
116 1.0424672365188599
117 1.2834839820861816
118 0.9967030882835388
119 0.878569483757019
120 0.9461920857429504
121 1.0121718645095825
122 1.0611416101455688
123 1.3047277927398682
124 1.1391798257827759
125 0.7581077814102173
126 1.322427749633789
127 0.7179927825927734
128 1.158848762512207
129 0.9502100348472595
130 1.0963451862335205
131 1.1244986057281494
132 0.93061363697052
133 0.8910553455352783
134 0.7391781210899353
135 1.097666621208191
136 0.851272702217102
137 0.9541821479797363
138 1.3496649265289307
139 0.8628355860710144
140 0.9598992466926575
141 0.9917291402816772
142 1.4727537631988525
143 1.2478008270263672
144 1.0546742677688599
145 0.9443705081939697
146 1.2346017360687256
147 1.3127847909927368
148 1.1842436790466309
149 1.274909496307373
150 1.1665889024734497
151 1.056159257888794
152 1.1821162700653076
153 1.341660976409912
154 1.057102084159851
155 0.873654305934906
156 1.1838977336883545
157 1.1791409254074097
158 0.9464244842529297
159 1.3013381958007813
160 0.9940463304519653
161 0.9897287487983704
162 1.1100128889083862
163 0.8607400059700012
164 0.8123720288276672
165 0.9596933126449585
166 1.2845994234085083
167 1.4005464315414429
168 0.8887068629264832
169 0.9714513421058655
170 1.0090047121047974
171 0.8992842435836792
172 1.213756799697876
173 1.0163428783416748
174 1.050961971282959
175 1.0531566143035889
176 0.9072230458259583
177 1.1052632331848145
178 1.0111526250839233
179 0.828417956829071
180 1.0211349725723267
181 1.365410566329956
182 0.71779865026474
183 1.2807910442352295
184 0.8619356155395508
185 0.862610936164856
186 0.9081557393074036
187 1.1396898031234741
188 0.7008683085441589
189 0.9398985505104065
190 1.0396430492401123
191 1.163855791091919
192 1.1041936874389648
193 1.101588249206543
194 0.7992871999740601
195 1.064077615737915
196 0.9873250722885132
197 0.9920430779457092
198 0.8484120965003967
199 1.007237434387207
200 0.9864914417266846
201 1.0667715072631836
202 0.5467713475227356
203 0.9910181164741516
204 1.1352488994598389
205 1.0815677642822266
206 1.0351251363754272
207 0.6290996670722961
208 0.848628044128418
209 0.7884721755981445
210 0.966461181640625
211 0.7702328562736511
212 1.0102219581604004
213 0.8204059600830078
214 0.9079702496528625
215 0.739985466003418
216 0.8283743858337402
217 1.2308770418167114
218 1.2092065811157227
219 1.0439437627792358
220 0.7869680523872375
221 0.9974587559700012
222 0.699080765247345
223 0.9583429098129272
224 0.7484403252601624
225 1.053932785987854
226 0.9742971062660217
227 1.1650288105010986
228 1.04594087600708
229 0.8099766969680786
230 0.987382709980011
231 0.6692994236946106
232 1.0643322467803955
233 1.1838041543960571
234 0.9147488474845886
235 0.9204621315002441
236 1.033678412437439
237 1.0324902534484863
238 1.1252520084381104
239 0.9450085163116455
240 0.8899493217468262
241 0.7507562637329102
242 0.9598516225814819
243 0.7376763224601746
244 0.6509958505630493
245 0.9842218160629272
246 0.8504745960235596
247 1.0125898122787476
248 0.9950883984565735
249 0.8569653630256653
250 1.1127480268478394
251 1.2752724885940552
252 0.9191466569900513
253 0.8283547759056091
254 0.8300445079803467
255 0.6680999398231506
256 1.1932681798934937
257 0.7463527917861938
258 0.9976732134819031
259 1.2254934310913086
260 1.1366353034973145
261 1.0609747171401978
262 1.0605312585830688
263 1.18711256980896
264 1.2003215551376343
265 0.7355641722679138
266 1.1320911645889282
267 1.3788357973098755
268 0.9325326681137085
269 1.1490678787231445
270 0.9346485137939453
271 0.9811037182807922
272 1.0959043502807617
273 1.664941430091858
274 1.7639645338058472
275 1.531854510307312
276 1.345949411392212
277 1.3064262866973877
278 1.1420447826385498
279 1.4545021057128906
280 1.7488062381744385
281 1.9599003791809082
282 1.249526858329773
283 1.2409220933914185
284 1.3360674381256104
285 0.832689106464386
286 1.4010671377182007
287 1.5876554250717163
288 0.9500101208686829
289 0.9393656253814697
290 1.2863930463790894
291 1.0764398574829102
292 1.1450625658035278
293 1.5067260265350342
294 1.2583469152450562
295 1.0105154514312744
296 1.3397859334945679
297 1.3195689916610718
298 1.2643115520477295
299 0.842319130897522
300 1.3440196514129639
301 1.6415139436721802
302 1.083764672279358
303 1.2521816492080688
304 1.5146183967590332
305 0.90000981092453
306 1.2453335523605347
307 1.4378312826156616
308 1.2341480255126953
309 1.1480547189712524
310 1.5367002487182617
311 1.3292170763015747
312 1.5115392208099365
313 1.639458417892456
314 1.351098895072937
315 0.9405614137649536
316 1.2971731424331665
317 0.9411957859992981
318 1.3783289194107056
319 1.1594375371932983
320 1.3771231174468994
321 1.5626401901245117
