0 0.0
1 1.5852738618850708
2 1.6957759857177734
3 1.2068694829940796
4 1.303093433380127
5 1.722351312637329
6 1.5677787065505981
7 1.3991615772247314
8 1.7448524236679077
9 1.9858120679855347
10 1.6107141971588135
11 1.4561699628829956
12 2.0310773849487305
13 1.3765981197357178
14 1.1183785200119019
15 1.7899497747421265
16 1.6320871114730835
17 1.6490281820297241
18 1.9304944276809692
19 1.3450838327407837
20 1.8173632621765137
21 1.9488829374313354
22 1.4808114767074585
23 1.286326289176941
24 1.743602991104126
25 1.5751802921295166
26 1.6917457580566406
27 1.2319152355194092
28 1.5798219442367554
29 1.5914950370788574
30 1.8609176874160767
31 1.7593282461166382
32 2.3101603984832764
33 1.5467548370361328
34 1.814816951751709
35 1.38654625415802
36 1.8558531999588013
37 1.3661938905715942
38 1.6810191869735718
39 1.2243083715438843
40 1.4843621253967285
41 1.4846535921096802
42 1.3425794839859009
43 1.723875641822815
44 1.9199854135513306
45 1.513753890991211
46 1.2248752117156982
47 1.5517635345458984
48 1.4585615396499634
49 1.653762698173523
50 1.7223137617111206
51 1.6369901895523071
52 1.5108182430267334
53 1.1622178554534912
54 1.6010267734527588
55 1.4620741605758667
56 1.5001779794692993
57 1.547010898590088
58 1.2679834365844727
59 1.6743366718292236
60 1.6287301778793335
61 1.6255439519882202
62 1.073877215385437
63 1.5349164009094238
64 1.420079231262207
65 1.4925541877746582
66 1.6126424074172974
67 1.7275344133377075
68 1.6134315729141235
69 1.6447358131408691
70 1.4992611408233643
71 1.602439045906067
72 1.675886631011963
73 1.6299940347671509
74 2.0984766483306885
75 1.2445257902145386
76 2.092644691467285
77 1.855427622795105
78 1.6728326082229614
79 1.7334272861480713
80 1.4705312252044678
81 1.6355489492416382
82 1.4050498008728027
83 1.6565157175064087
84 1.1213598251342773
85 1.3667320013046265
86 1.5816383361816406
87 1.7299057245254517
88 1.7021573781967163
89 1.8668744564056396
90 1.677168607711792
91 1.3725852966308594
92 1.5841119289398193
93 1.5782207250595093
94 1.5952869653701782
95 2.029968738555908
96 1.6304845809936523
97 1.5733191967010498
98 1.5781304836273193
99 1.5497854948043823
100 1.2914955615997314
101 1.4788978099822998
102 2.056762456893921
103 1.7082879543304443
104 2.0481455326080322
105 1.9995882511138916
106 1.7810845375061035
107 1.7440881729125977
108 1.3582428693771362
109 1.6703004837036133
110 1.7421414852142334
111 1.654618263244629
112 1.460610032081604
113 1.6443182229995728
114 1.3959014415740967
115 1.7218092679977417
116 2.0184671878814697
117 1.983672022819519
118 2.009808301925659
119 2.244565963745117
120 1.5331733226776123
121 1.8556184768676758
122 1.583314061164856
123 1.81916081905365
124 1.5639379024505615
125 1.4040145874023438
126 1.7395133972167969
127 1.6669639348983765
128 1.5391391515731812
129 1.7559808492660522
130 1.5023237466812134
131 1.9232803583145142
132 1.637236475944519
133 1.7273504734039307
134 1.411065697669983
135 1.3919943571090698
136 1.9065217971801758
137 1.9798283576965332
138 1.9682576656341553
139 1.2483152151107788
140 1.841755986213684
141 1.4994738101959229
142 1.329416036605835
143 1.606711983680725
144 1.591579556465149
145 1.4035378694534302
146 1.4711226224899292
147 1.7294714450836182
148 1.8142985105514526
149 1.9211649894714355
150 1.744920015335083
151 1.48591947555542
152 1.9904614686965942
153 1.740530014038086
154 1.955032467842102
155 1.421779751777649
156 1.861971139907837
157 1.8374974727630615
158 1.881111741065979
159 2.1707468032836914
160 2.0982649326324463
161 2.352670192718506
162 1.753978967666626
163 1.9156523942947388
164 1.7404794692993164
165 1.4365198612213135
166 1.6168924570083618
167 1.88040030002594
168 1.5805778503417969
169 1.874890685081482
170 1.7444733381271362
171 2.026762008666992
172 1.7881617546081543
173 2.062091588973999
174 1.4693461656570435
175 1.7280912399291992
176 2.018162727355957
177 1.4005151987075806
178 1.4093137979507446
179 1.359493613243103
180 1.5352962017059326
181 1.1414778232574463
182 1.3030900955200195
183 1.5467290878295898
184 1.7124804258346558
185 1.8129000663757324
186 1.6939136981964111
187 1.6327471733093262
188 1.6423766613006592
189 1.7771430015563965
190 1.8485820293426514
191 1.722267746925354
192 1.7608566284179688
193 1.7791510820388794
194 1.6685081720352173
195 1.6755391359329224
196 1.2456817626953125
197 1.800395131111145
198 1.4250611066818237
199 1.7502272129058838
200 1.8052598237991333
201 1.2347543239593506
202 1.8624142408370972
203 1.783948540687561
204 1.5281380414962769
205 2.4039292335510254
206 1.5845800638198853
207 1.51224684715271
208 1.7456096410751343
209 1.331488847732544
210 1.5118581056594849
211 1.531295895576477
212 1.5637550354003906
213 1.7897430658340454
214 1.6199824810028076
215 1.8643741607666016
216 2.064784288406372
217 1.6692408323287964
218 2.027594804763794
219 1.5453803539276123
220 1.5803128480911255
221 1.40781831741333
222 1.3747230768203735
223 1.7541377544403076
224 1.7527862787246704
225 1.5441334247589111
226 1.8507283926010132
227 1.7160931825637817
228 1.7884912490844727
229 1.7555984258651733
230 1.3584507703781128
231 1.8314045667648315
232 2.208235263824463
233 2.036390542984009
234 1.2029626369476318
235 1.8621999025344849
236 1.1400222778320313
237 1.4717936515808105
238 1.40850830078125
239 1.8286819458007813
240 1.8608355522155762
241 1.5116616487503052
242 1.1166549921035767
243 1.281327724456787
244 0.9589368104934692
245 2.118256092071533
246 1.4078940153121948
247 1.0675926208496094
248 1.307410717010498
249 1.208184838294983
250 1.3758807182312012
251 1.2489855289459229
252 1.2550755739212036
253 1.3022241592407227
254 1.2483689785003662
255 1.3888721466064453
256 1.3956801891326904
257 1.03118097782135
258 1.4636389017105103
259 1.6865906715393066
260 1.5289961099624634
261 1.193716287612915
262 1.0658231973648071
263 1.5771540403366089
264 1.2425107955932617
265 1.2903220653533936
266 1.2891961336135864
267 1.325985074043274
268 1.5590544939041138
269 1.5458930730819702
270 1.0478274822235107
271 1.4514763355255127
272 1.4558168649673462
273 1.2759487628936768
274 1.5290356874465942
275 1.2516059875488281
276 1.2024781703948975
277 1.3670212030410767
278 1.1042261123657227
279 1.0270262956619263
280 1.5751763582229614
281 1.2338542938232422
282 1.297829270362854
283 1.3914633989334106
284 1.1770830154418945
285 1.3860948085784912
286 1.6100071668624878
287 1.490112066268921
288 1.4872987270355225
289 1.3847153186798096
290 1.6086138486862183
291 1.1721923351287842
292 1.0483574867248535
293 1.2700058221817017
294 1.3791779279708862
295 0.9959069490432739
296 1.0286346673965454
297 1.5265240669250488
298 1.320286512374878
299 1.0552698373794556
300 1.2762980461120605
301 1.4304767847061157
302 1.1825867891311646
303 1.2531346082687378
304 1.4893333911895752
305 1.4435464143753052
306 1.3590607643127441
307 1.4572175741195679
308 1.1172747611999512
309 1.0966545343399048
310 1.1457313299179077
311 1.3653879165649414
312 1.140816569328308
313 1.6480131149291992
314 1.3698639869689941
315 1.4420287609100342
316 1.351338505744934
317 1.4651907682418823
318 1.260977029800415
319 1.4222849607467651
320 1.3529311418533325
321 1.7330031394958496
322 1.3099603652954102
323 4.822295522899367e-6
